instance: pm1s_100.1
obj: 182.8085356122809
time: 16.696289013139904
algo: Submodular
level: 2