instance: pm1s_80.0
obj: 101.12447093189647
time: 8.835854141041636
algo: Submodular
level: 3