instance: pm1s_100.1
obj: 178.23519164383654
time: 23.905078392475843
algo: Submodular
level: 3