instance: pm1s_80.3
obj: 92.13890207115412
time: 1.9375062175095081
algo: Lasserre
level: 1