instance: pm1s_100.7
obj: 126.8015209411638
time: 7.090253749862313
algo: Lasserre
level: 1