instance: pm1s_100.5
obj: 144.66294944086178
time: 8.340058128349483
algo: Lasserre
level: 1