instance: pm1s_100.9
obj: 166.70627794492842
time: 48.556261039339006
algo: Submodular
level: 4