instance: pm1s_100.2
obj: 174.21173992665393
time: 23.660744935274124
algo: Submodular
level: 3