instance: pm1s_80.4
obj: 93.24196503301111
time: 4.000457029789686
algo: Submodular
level: 1