instance: pm1s_100.0
obj: 175.74350098641924
time: 22.91751510836184
algo: Submodular
level: 3