instance: pm1s_80.3
obj: 106.9788785645556
time: 4.140149714425206
algo: Submodular
level: 1