instance: pm1s_80.9
obj: 87.38194004289043
time: 16.729723375290632
algo: Submodular
level: 4