instance: pm1s_100.6
obj: 177.0211276936231
time: 13.144414045847952
algo: Submodular
level: 1