instance: pm1s_80.8
obj: 106.21858798223435
time: 8.100716155022383
algo: Submodular
level: 3