instance: pm1s_80.1
obj: 110.6937277829209
time: 3.9645591313019395
algo: Submodular
level: 1