instance: pm1s_80.7
obj: 110.47690952764977
time: 5.6977978851646185
algo: Submodular
level: 1