instance: pm1s_100.4
obj: 176.47535307127197
time: 56.51544439326972
algo: Submodular
level: 4