instance: pm1s_100.9
obj: 169.29262850926364
time: 37.546230698004365
algo: Submodular
level: 3