instance: pm1s_80.3
obj: 104.48701981652309
time: 8.31911314278841
algo: Submodular
level: 3