instance: pm1s_80.0
obj: 103.6064496158029
time: 4.08122823946178
algo: Submodular
level: 1