instance: pm1s_100.6
obj: 139.91315194268165
time: 8.201997416093946
algo: Lasserre
level: 1