instance: pm1s_100.2
obj: 180.14150031213154
time: 12.203989726491272
algo: Submodular
level: 1