instance: pm1s_100.5
obj: 182.07670281539967
time: 17.287849256768823
algo: Submodular
level: 1