instance: pm1s_100.7
obj: 145.2667708862602
time: 46.35772978607565
algo: Submodular
level: 4