instance: pm1s_80.6
obj: 85.6932818203816
time: 2.1286442317068577
algo: Lasserre
level: 1