instance: pm1s_80.0
obj: 90.28745248729976
time: 1.9126040833070874
algo: Lasserre
level: 1