instance: pm1s_80.7
obj: 110.4769089330769
time: 5.834494147449732
algo: Submodular
level: 2