instance: pm1s_100.8
obj: 135.8640006550191
time: 7.019959422759712
algo: Lasserre
level: 1