instance: pm1s_80.2
obj: 115.99264617410148
time: 5.759175700135529
algo: Submodular
level: 2