instance: pm1s_80.4
obj: 93.24196501754257
time: 5.482382234185934
algo: Submodular
level: 2