instance: pm1s_100.3
obj: 130.08639101754176
time: 6.997389673255384
algo: Lasserre
level: 1