instance: pm1s_80.9
obj: 88.76346366322886
time: 8.485060220584273
algo: Submodular
level: 3