instance: pm1s_80.0
obj: 103.6064494185294
time: 5.446807280182838
algo: Submodular
level: 2