instance: pm1s_80.7
obj: 95.44815678952642
time: 2.324749513529241
algo: Lasserre
level: 1