instance: pm1s_100.4
obj: 180.3143765811509
time: 25.01145648676902
algo: Submodular
level: 3