instance: pm1s_80.6
obj: 99.70292818867753
time: 4.294131956063211
algo: Submodular
level: 1