instance: pm1s_100.8
obj: 163.81193822208817
time: 24.51184519007802
algo: Submodular
level: 3