instance: pm1s_80.1
obj: 107.35650135856095
time: 8.424446032382548
algo: Submodular
level: 3