instance: pm1s_100.2
obj: 140.2262405777208
time: 7.659574455581605
algo: Lasserre
level: 1