instance: pm1s_80.6
obj: 96.14946624918456
time: 7.877585564740002
algo: Submodular
level: 3