instance: pm1s_100.7
obj: 150.2444229031688
time: 21.966385373845696
algo: Submodular
level: 3