instance: pm1s_80.5
obj: 117.54146853291721
time: 3.95507425442338
algo: Submodular
level: 1