instance: pm1s_100.1
obj: 144.6108387218591
time: 6.98387745115906
algo: Lasserre
level: 1