instance: pm1s_80.5
obj: 112.74972674879372
time: 8.6772870849818
algo: Submodular
level: 3