instance: pm1s_80.9
obj: 92.50650586103498
time: 6.609100109897554
algo: Submodular
level: 2