instance: pm1s_100.2
obj: 180.1415003096438
time: 18.467667832039297
algo: Submodular
level: 2