instance: pm1s_100.4
obj: 186.32330368769243
time: 17.47380673699081
algo: Submodular
level: 2