instance: pm1s_100.2
obj: 171.0535184157836
time: 43.8910142108798
algo: Submodular
level: 4