instance: pm1s_100.4
obj: 145.606713015654
time: 6.988907783292234
algo: Lasserre
level: 1