instance: pm1s_100.6
obj: 170.8917133474657
time: 47.1912198914215
algo: Submodular
level: 4