instance: pm1s_80.1
obj: 110.69372778240762
time: 5.578817335888743
algo: Submodular
level: 2