instance: pm1s_80.6
obj: 92.71563634239072
time: 18.523422583937645
algo: Submodular
level: 4