instance: pm1s_100.9
obj: 143.51968164094825
time: 8.90915729291737
algo: Lasserre
level: 1