instance: pm1s_80.4
obj: 90.15930049849878
time: 8.386853227391839
algo: Submodular
level: 3