instance: pm1s_80.2
obj: 110.59481922670894
time: 16.184725308790803
algo: Submodular
level: 4