instance: pm1s_100.3
obj: 163.124556840718
time: 17.35919756349176
algo: Submodular
level: 2