instance: pm1s_80.5
obj: 112.29120316991055
time: 18.154633095487952
algo: Submodular
level: 4