instance: pm1s_100.3
obj: 159.5034835723363
time: 23.696849265135825
algo: Submodular
level: 3