instance: pm1s_100.3
obj: 153.8025852380989
time: 52.137378403916955
algo: Submodular
level: 4