instance: pm1s_80.8
obj: 95.46921022716951
time: 2.0845074811950326
algo: Lasserre
level: 1