instance: pm1s_100.5
obj: 177.49417919296846
time: 24.011344912461936
algo: Submodular
level: 3