instance: pm1s_100.3
obj: 163.12455686281194
time: 12.639001828618348
algo: Submodular
level: 1