instance: pm1s_80.6
obj: 99.70292817968001
time: 6.267197431996465
algo: Submodular
level: 2