instance: pm1s_80.2
obj: 111.30840364026648
time: 8.320358514785767
algo: Submodular
level: 3