instance: pm1s_80.8
obj: 108.25372632408033
time: 6.227752711623907
algo: Submodular
level: 2