instance: pm1s_100.0
obj: 143.23339823690037
time: 7.080372831784189
algo: Lasserre
level: 1