instance: pm1s_100.6
obj: 173.63990994961733
time: 24.739962628111243
algo: Submodular
level: 3