instance: pm1s_80.0
obj: 98.98936214665645
time: 18.93383023981005
algo: Submodular
level: 4