instance: pm1s_80.5
obj: 117.54146849050245
time: 5.6826639557257295
algo: Submodular
level: 2