instance: pm1s_100.0
obj: 170.5271680841623
time: 48.912312735803425
algo: Submodular
level: 4