instance: pm1s_80.7
obj: 107.2670625807525
time: 9.308024385012686
algo: Submodular
level: 3