instance: pm1s_80.4
obj: 89.55069004260349
time: 15.622377874329686
algo: Submodular
level: 4