instance: pm1s_100.8
obj: 168.7391753684746
time: 12.201427462510765
algo: Submodular
level: 1