instance: pm1s_100.7
obj: 155.60270944114507
time: 11.544658783823252
algo: Submodular
level: 1