instance: pm1s_80.4
obj: 82.0569004871279
time: 2.1421857057139277
algo: Lasserre
level: 1