instance: pm1s_100.9
obj: 175.0260463111523
time: 13.417309988290071
algo: Submodular
level: 1