instance: pm1s_80.7
obj: 106.25235566994681
time: 17.315268288366497
algo: Submodular
level: 4