instance: pm1s_100.4
obj: 186.3233037835205
time: 13.057176068425179
algo: Submodular
level: 1