instance: pm1s_80.1
obj: 108.06867964690372
time: 16.760417045094073
algo: Submodular
level: 4