instance: pm1s_80.8
obj: 105.00917553694715
time: 15.572619941085577
algo: Submodular
level: 4