instance: pm1s_100.1
obj: 171.50711005077446
time: 52.43368962686509
algo: Submodular
level: 4