instance: pm1s_100.5
obj: 173.0483530598483
time: 49.97644421737641
algo: Submodular
level: 4