instance: pm1s_100.0
obj: 179.56675572860226
time: 13.74083872884512
algo: Submodular
level: 1