instance: pm1s_80.8
obj: 108.25372632618368
time: 4.360095979645848
algo: Submodular
level: 1