instance: pm1s_80.3
obj: 101.76441600528034
time: 17.250653345137835
algo: Submodular
level: 4