instance: pm1s_100.9
obj: 175.0260459752284
time: 17.306567748077214
algo: Submodular
level: 2