instance: pm1s_80.3
obj: 106.97887856379458
time: 5.927170505747199
algo: Submodular
level: 2