instance: pm1s_80.2
obj: 115.99264617502425
time: 3.5230627609416842
algo: Submodular
level: 1