instance: pm1s_100.5
obj: 182.07670241078424
time: 18.225204441696405
algo: Submodular
level: 2