instance: pm1s_100.1
obj: 182.80853573255132
time: 14.37220429815352
algo: Submodular
level: 1