instance: pm1s_100.6
obj: 177.0211276931214
time: 20.09938815701753
algo: Submodular
level: 2