instance: pm1s_100.7
obj: 155.60270943629695
time: 16.85405734926462
algo: Submodular
level: 2