instance: pm1s_100.0
obj: 179.56675572116714
time: 16.561611069366336
algo: Submodular
level: 2