instance: pm1s_80.9
obj: 92.50650585662866
time: 4.234941669739783
algo: Submodular
level: 1