instance: pm1s_100.8
obj: 161.38766720589462
time: 51.90761894360185
algo: Submodular
level: 4