instance: pm1s_100.8
obj: 168.7391753592106
time: 19.14274364244193
algo: Submodular
level: 2