instance: t2g15_6666
obj: 1.748442953819778e7
time: 52.52659600879997
algo: Submodular
level: 3