instance: t2g15_6666
obj: 1.7572977500106137e7
time: 8.926359893754125
algo: Submodular
level: 1