instance: t2g10_7777
obj: 6.98057500466353e6
time: 1.3367141634225845
algo: Submodular
level: 1