instance: t2g10_7777
obj: 6.980575002038909e6
time: 4.457540778443217
algo: Submodular
level: 3