instance: t2g10_7777
obj: 6.81129509741037e6
time: 11.251507950015366
algo: Lasserre
level: 1