instance: t2g10_6666
obj: 6.551505071760089e6
time: 2.7046825401484966
algo: Submodular
level: 2