instance: t2g10_5555
obj: 6.620161014681773e6
time: 8.87955922074616
algo: Submodular
level: 4