instance: t2g15_7777
obj: 1.677371655685264e7
time: 145.48788262251765
algo: Submodular
level: 4