instance: t2g15_7777
obj: 1.6726113175236082e7
time: 69.18200267851353
algo: Submodular
level: 3