instance: t2g10_6666
obj: 6.032286496287749e6
time: 8.523278821259737
algo: Lasserre
level: 1