instance: t2g15_6666
obj: 1.6383673809471652e7
time: 936.6815351834521
algo: Lasserre
level: 1