instance: t2g15_5555
obj: 1.682776401025718e7
time: 28.398437375202775
algo: Submodular
level: 2