instance: t2g10_5555
obj: 6.665508009127404e6
time: 4.537125657312572
algo: Submodular
level: 3