instance: t2g15_7777
obj: 1.6935091668410983e7
time: 8.77343415375799
algo: Submodular
level: 1