instance: t2g15_6666
obj: 1.7321774508423723e7
time: 123.1354272896424
algo: Submodular
level: 4