instance: t2g10_6666
obj: 6.55150500255028e6
time: 4.8661486599594355
algo: Submodular
level: 3