instance: t2g10_6666
obj: 6.55150504754194e6
time: 1.255400912836194
algo: Submodular
level: 1