instance: t2g10_5555
obj: 6.395234232908012e6
time: 9.24123383499682
algo: Lasserre
level: 1