instance: t2g10_7777
obj: 6.98057509035455e6
time: 2.7761035431176424
algo: Submodular
level: 2