instance: t2g15_7777
obj: 1.5929942603991792e7
time: 1229.9198891641572
algo: Lasserre
level: 1