instance: t2g10_5555
obj: 6.888635162393536e6
time: 2.4230076894164085
algo: Submodular
level: 2