instance: t2g15_5555
obj: 1.651452503250389e7
time: 169.1515326621011
algo: Submodular
level: 4