instance: t2g10_5555
obj: 6.888635022846659e6
time: 1.2481049988418818
algo: Submodular
level: 1