instance: t2g15_5555
obj: 1.564485692832755e7
time: 813.9720502058044
algo: Lasserre
level: 1