instance: t2g10_6666
obj: 6.395562065517974e6
time: 11.101706869900227
algo: Submodular
level: 4