instance: t2g15_5555
obj: 1.6827764000588685e7
time: 9.063982871361077
algo: Submodular
level: 1