instance: t2g15_6666
obj: 1.7572977519877844e7
time: 23.740187471732497
algo: Submodular
level: 2