instance: t2g15_5555
obj: 1.67749391106938e7
time: 99.3527845563367
algo: Submodular
level: 3