instance: t2g10_7777
obj: 6.963660011730159e6
time: 13.185575713403523
algo: Submodular
level: 4