instance: t2g15_7777
obj: 1.693509202472694e7
time: 26.176381672732532
algo: Submodular
level: 2