instance: t2g20_6666
obj: 3.228818603196971e7
time: 421.2906774915755
algo: Submodular
level: 3