instance: t2g20_7777
obj: 12.362786686043364
time: 3831.2459641965106
algo: Lasserre
level: 1