instance: t2g20_5555
obj: 12.349542449157525
time: 3842.2935574715957
algo: Lasserre
level: 1