instance: t2g20_5555
obj: 2.7336993828678712e7
time: 1157.825072423555
algo: Submodular
level: 4