instance: t2g20_7777
obj: 3.1708902523129556e7
time: 47.89212401304394
algo: Submodular
level: 1