instance: t2g20_6666
obj: 3.216728916610097e7
time: 1389.1778160277754
algo: Submodular
level: 4