instance: t2g20_6666
obj: 3.2836464000804406e7
time: 47.55717480182648
algo: Submodular
level: 1