instance: t2g20_7777
obj: 3.1299109001507305e7
time: 1228.8890606798232
algo: Submodular
level: 4