instance: t2g20_6666
obj: 3.2836464168817356e7
time: 174.96234104409814
algo: Submodular
level: 2