instance: t2g20_7777
obj: 3.1390277487753645e7
time: 545.7590231448412
algo: Submodular
level: 3