instance: t2g20_5555
obj: 2.7545744023287933e7
time: 378.0226570228115
algo: Submodular
level: 3