instance: t2g20_5555
obj: 2.780487001994797e7
time: 193.91604006290436
algo: Submodular
level: 2