instance: t2g20_7777
obj: 3.170890272519443e7
time: 173.916081530042
algo: Submodular
level: 2