instance: t2g20_6666
obj: 12.303520000394656
time: 3843.102415015921
algo: Lasserre
level: 1