instance: t2g20_5555
obj: 2.780487012161115e7
time: 47.5106258969754
algo: Submodular
level: 1