instance: t3g5_7777
obj: 1.366149988578461e7
time: 5.073229937814176
algo: Submodular
level: 1