instance: t3g5_6666
obj: 1.2498653284625396e7
time: 34.25271749030799
algo: Lasserre
level: 1