instance: t3g5_5555
obj: 1.3003135200111106e7
time: 5.827240894548595
algo: Submodular
level: 1