instance: t3g5_5555
obj: 1.2870367178465046e7
time: 21.28677293844521
algo: Submodular
level: 3