instance: t3g5_6666
obj: 1.4071981373686265e7
time: 10.841566980816424
algo: Submodular
level: 2