instance: t3g5_6666
obj: 1.3923677254621703e7
time: 19.434202114120126
algo: Submodular
level: 3