instance: t3g5_5555
obj: 1.1706390696821388e7
time: 32.138268150389194
algo: Lasserre
level: 1