instance: t3g5_7777
obj: 1.366150003112737e7
time: 12.966670429334044
algo: Submodular
level: 2