instance: t3g5_5555
obj: 1.2777233651482891e7
time: 45.329717921093106
algo: Submodular
level: 4