instance: t3g5_7777
obj: 1.3518855558749069e7
time: 48.06470900401473
algo: Submodular
level: 4