instance: t3g5_7777
obj: 1.2424850274193134e7
time: 34.24516424629837
algo: Lasserre
level: 1