instance: t3g5_6666
obj: 1.3777907501228182e7
time: 47.14032189268619
algo: Submodular
level: 4