instance: t3g5_7777
obj: 1.3579746372569071e7
time: 22.431327461265028
algo: Submodular
level: 3