instance: t3g5_5555
obj: 1.3003135496165546e7
time: 13.89251202531159
algo: Submodular
level: 2