instance: t3g5_6666
obj: 1.4071981357455192e7
time: 4.964537193067372
algo: Submodular
level: 1