instance: t3g6_5555
obj: 2.066227418167836e7
time: 25.062111247330904
algo: Submodular
level: 1