instance: t3g6_7777
obj: 2.3236886054731146e7
time: 321.9605930726975
algo: Submodular
level: 4