instance: t3g6_7777
obj: 2.1143716023576103e7
time: 743.1813447698951
algo: Lasserre
level: 1