instance: t3g6_5555
obj: 2.0320357789417777e7
time: 317.0253598233685
algo: Submodular
level: 4