instance: t3g6_6666
obj: 2.4710680501054857e7
time: 345.4024206502363
algo: Submodular
level: 4