instance: t3g6_5555
obj: 2.053850994003888e7
time: 104.93811799027026
algo: Submodular
level: 3