instance: t3g6_6666
obj: 2.4874726860126704e7
time: 25.615980610251427
algo: Submodular
level: 1