instance: t3g6_6666
obj: 2.4874726953552593e7
time: 80.22711304482073
algo: Submodular
level: 2