instance: t3g6_7777
obj: 2.3459538500123154e7
time: 24.46092977747321
algo: Submodular
level: 1