instance: t3g6_7777
obj: 2.333630555117139e7
time: 115.17746097501367
algo: Submodular
level: 3