instance: t3g6_6666
obj: 2.1852158804889977e7
time: 648.469738021493
algo: Lasserre
level: 1