instance: t3g6_7777
obj: 2.3459538520733204e7
time: 77.62243589572608
algo: Submodular
level: 2