instance: t3g6_6666
obj: 2.473458052352852e7
time: 201.36158225219697
algo: Submodular
level: 3