instance: t3g6_5555
obj: 1.8995437211933002e7
time: 693.2252085516229
algo: Lasserre
level: 1