instance: t3g6_5555
obj: 2.0662273434918713e7
time: 72.46837578620762
algo: Submodular
level: 2