instance: t3g7_5555
obj: 388990.1418928613
time: 3644.9630632055923
algo: Lasserre
level: 1