instance: t3g7_5555
obj: 3.4269810380506024e7
time: 100.56643985863775
algo: Submodular
level: 1