instance: t3g7_7777
obj: 7.78060882383098e7
time: 3670.284424922429
algo: Lasserre
level: 1