instance: t3g7_7777
obj: 3.4946092687362e7
time: 681.9640630353242
algo: Submodular
level: 3