instance: t3g7_5555
obj: 3.3729891611197725e7
time: 1762.0660112518817
algo: Submodular
level: 4