instance: t3g7_6666
obj: 3.962687046735638e7
time: 658.5651004891843
algo: Submodular
level: 3