instance: t3g7_5555
obj: 3.426981038775001e7
time: 346.3147790208459
algo: Submodular
level: 2