instance: t3g7_5555
obj: 3.394431219125784e7
time: 667.2673744410276
algo: Submodular
level: 3