instance: t3g7_7777
obj: 3.472756257428626e7
time: 1866.6866324003786
algo: Submodular
level: 4