instance: t3g7_6666
obj: 3.9874552145232014e7
time: 310.2113473955542
algo: Submodular
level: 2