instance: t3g7_7777
obj: 3.503430358337918e7
time: 98.67006046138704
algo: Submodular
level: 1