instance: t3g7_6666
obj: 7.065986996312843e7
time: 3658.8031546389684
algo: Lasserre
level: 1