instance: t3g7_6666
obj: 3.987455209845102e7
time: 105.60906093660742
algo: Submodular
level: 1