instance: t3g7_7777
obj: 3.503430362757661e7
time: 297.6124409567565
algo: Submodular
level: 2