instance: t3g7_6666
obj: 3.936149335644762e7
time: 1830.712897703983
algo: Submodular
level: 4