instance: w01_100.2
obj: 925.3406102166838
time: 25.48009080439806
algo: Submodular
level: 3