instance: w01_100.3
obj: 1077.9265622353446
time: 24.8292542649433
algo: Submodular
level: 3