instance: w01_100.3
obj: 1097.4124449243868
time: 12.705461005680263
algo: Submodular
level: 1