instance: w01_100.5
obj: 862.3791798666942
time: 27.564295551739633
algo: Submodular
level: 3