instance: w01_100.6
obj: 827.1608240374954
time: 50.061331572942436
algo: Submodular
level: 4