instance: w01_100.9
obj: 933.8487520373585
time: 49.42951564397663
algo: Submodular
level: 4