instance: w01_100.4
obj: 877.247228065784
time: 17.709640285931528
algo: Submodular
level: 2