instance: w01_100.8
obj: 938.8592686587058
time: 12.639995604753494
algo: Submodular
level: 1