instance: w01_100.2
obj: 911.122822940626
time: 51.83034455683082
algo: Submodular
level: 4