instance: w01_100.9
obj: 941.7215911450221
time: 29.683478413149714
algo: Submodular
level: 3