instance: w01_100.6
obj: 740.1128349707012
time: 6.561720700003207
algo: Lasserre
level: 1