instance: w01_100.4
obj: 747.0111192852742
time: 6.59146392531693
algo: Lasserre
level: 1