instance: w01_100.5
obj: 737.1406035070609
time: 6.563818469643593
algo: Lasserre
level: 1