instance: w01_100.4
obj: 867.3172861642198
time: 29.69063826557249
algo: Submodular
level: 3