instance: w01_100.4
obj: 851.5185514074813
time: 45.47004346828908
algo: Submodular
level: 4