instance: w01_100.9
obj: 962.1656001851114
time: 12.265423201955855
algo: Submodular
level: 1