instance: w01_100.5
obj: 875.7412749896872
time: 17.74619776569307
algo: Submodular
level: 2