instance: w01_100.7
obj: 987.1420579209888
time: 11.541111517697573
algo: Submodular
level: 1