instance: w01_100.5
obj: 850.3086842372562
time: 49.68403748329729
algo: Submodular
level: 4