instance: w01_100.6
obj: 852.1619652567997
time: 11.078411136753857
algo: Submodular
level: 1