instance: w01_100.6
obj: 852.1619617108132
time: 16.858252204954624
algo: Submodular
level: 2