instance: w01_100.3
obj: 910.4164229868524
time: 7.177849315106869
algo: Lasserre
level: 1