instance: w01_100.2
obj: 936.1825192485621
time: 11.836601399816573
algo: Submodular
level: 1