instance: w01_100.1
obj: 953.2895558169303
time: 11.949386890977621
algo: Submodular
level: 1