instance: w01_100.2
obj: 936.1825186489014
time: 19.606892763637006
algo: Submodular
level: 2