instance: w01_100.3
obj: 1097.4124444843428
time: 18.913727829232812
algo: Submodular
level: 2