instance: w01_100.1
obj: 933.5660108283932
time: 26.10993927437812
algo: Submodular
level: 3