instance: w01_100.9
obj: 962.1655985202293
time: 18.373807336203754
algo: Submodular
level: 2