instance: w01_100.3
obj: 1069.9017796488204
time: 49.183859831653535
algo: Submodular
level: 4