instance: w01_100.0
obj: 863.5271855448643
time: 47.33176380209625
algo: Submodular
level: 4