instance: w01_100.7
obj: 954.0764373254565
time: 48.28518482204527
algo: Submodular
level: 4