instance: w01_100.0
obj: 866.3303215201887
time: 25.22211621515453
algo: Submodular
level: 3