instance: w01_100.8
obj: 926.2414855419187
time: 25.875016767531633
algo: Submodular
level: 3