instance: w01_100.2
obj: 781.4016645829616
time: 7.101771303452551
algo: Lasserre
level: 1