instance: w01_100.4
obj: 877.2472280869158
time: 13.841910001821816
algo: Submodular
level: 1