instance: w01_100.7
obj: 987.1420576810534
time: 17.79202910605818
algo: Submodular
level: 2