instance: w01_100.1
obj: 922.1054174447889
time: 52.78061327524483
algo: Submodular
level: 4