instance: w01_100.8
obj: 906.0573031066573
time: 48.20856540929526
algo: Submodular
level: 4