instance: w01_100.7
obj: 977.8561091402714
time: 25.557018025778234
algo: Submodular
level: 3