instance: w01_100.0
obj: 878.5393139000514
time: 18.236031834967434
algo: Submodular
level: 2