instance: w01_100.0
obj: 878.5393139854363
time: 12.483409561216831
algo: Submodular
level: 1