instance: w01_100.8
obj: 792.7335689447531
time: 12.131030805408955
algo: Lasserre
level: 1