instance: w01_100.1
obj: 953.2895571114166
time: 20.57575668860227
algo: Submodular
level: 2