instance: w01_100.5
obj: 875.7412765260844
time: 12.039898484945297
algo: Submodular
level: 1