instance: w01_100.8
obj: 938.8592686545151
time: 20.22153113503009
algo: Submodular
level: 2