instance: w01_100.9
obj: 816.0787801849007
time: 8.1936638019979
algo: Lasserre
level: 1