instance: w01_100.6
obj: 839.9057815553823
time: 24.385556526482105
algo: Submodular
level: 3