instance: w01_100.0
obj: 740.8832633410328
time: 7.437916887924075
algo: Lasserre
level: 1