instance: w01_100.7
obj: 828.6906932870136
time: 6.562477188184857
algo: Lasserre
level: 1